NC_004412.1@rrnS	NODE_10868_length_14948_cov_8770.553034	99.89	948	1	0	1	948	2477	3424	0.0	 1746
NC_004412.1@rrnS	NODE_9634_length_16536_cov_2.607288	82.02	968	131	34	1	942	15610	14660	0.0	  784
NC_004412.1@rrnS	NODE_254508_length_436_cov_1.617211	80.10	402	65	13	247	641	1	394	9e-75	  285
NC_004412.1@rrnS	NODE_108339_length_854_cov_1.392053	83.71	178	22	7	769	942	800	626	2e-37	  161
NC_004412.1@rrnS	NODE_80834_length_1205_cov_17.222423	100.00	70	0	0	167	236	70	1	4e-28	  130
NC_004412.1@rrnL	NODE_10868_length_14948_cov_8770.553034	99.52	1677	8	0	1	1677	3497	5173	0.0	 3053
NC_004412.1@rrnL	NODE_9634_length_16536_cov_2.607288	80.37	968	154	29	688	1636	13884	12934	0.0	  702
NC_004412.1@rrnL	NODE_9634_length_16536_cov_2.607288	82.23	332	42	12	95	419	14484	14163	4e-70	  270
NC_004412.1@rrnL	NODE_3347_length_33032_cov_44.843197	100.00	44	0	0	211	254	30091	30048	2e-13	82.4
NC_004412.1@ND1	NODE_10868_length_14948_cov_8770.553034	98.97	975	10	0	1	975	5249	6223	0.0	 1746
NC_004412.1@ND2	NODE_10868_length_14948_cov_8770.553034	98.44	771	12	0	273	1043	6799	7569	0.0	 1358
NC_004412.1@ND2	NODE_10868_length_14948_cov_8770.553034	99.25	267	2	0	1	267	6432	6698	3e-134	  483
NC_004412.1@ND2	NODE_467929_length_203_cov_7977.682692	98.52	203	3	0	169	371	203	1	6e-97	  359
NC_004412.1@ND2	NODE_508174_length_195_cov_53.281250	97.95	195	4	0	173	367	195	1	7e-91	  339
NC_004412.1@ND2	NODE_507897_length_195_cov_136.104167	97.95	195	4	0	173	367	195	1	7e-91	  339
NC_004412.1@ND2	NODE_511777_length_195_cov_13.677083	97.44	195	5	0	173	367	195	1	3e-89	  333
NC_004412.1@ND2	NODE_965422_length_103_cov_108.000000	98.06	103	2	0	269	371	1	103	5e-43	  180
NC_004412.1@ND2	NODE_971876_length_103_cov_41.500000	97.09	103	3	0	169	271	103	1	2e-41	  174
NC_004412.1@COX1	NODE_10868_length_14948_cov_8770.553034	99.52	1247	6	0	326	1572	8327	9573	0.0	 2270
NC_004412.1@COX1	NODE_10868_length_14948_cov_8770.553034	100.00	275	0	0	1	275	7952	8226	8e-142	  508
NC_004412.1@COX1	NODE_9634_length_16536_cov_2.607288	80.57	1544	294	6	1	1541	10187	8647	0.0	 1184
NC_004412.1@COX1	NODE_406158_length_248_cov_6941.570470	99.19	248	2	0	177	424	1	248	2e-123	  448
NC_004412.1@COX1	NODE_621533_length_150_cov_148.078431	98.66	149	2	0	226	374	1	149	2e-68	  265
NC_004412.1@COX1	NODE_621340_length_150_cov_867.588235	98.66	149	2	0	226	374	1	149	2e-68	  265
NC_004412.1@COX1	NODE_627227_length_148_cov_737.591837	98.65	148	2	0	177	324	1	148	7e-68	  263
NC_004412.1@COX1	NODE_623856_length_150_cov_16.882353	97.99	149	3	0	226	374	1	149	9e-67	  259
NC_004412.1@COX1	NODE_627301_length_148_cov_299.959184	97.97	148	3	0	277	424	1	148	3e-66	  257
NC_004412.1@COX1	NODE_192485_length_510_cov_1.545012	90.54	74	7	0	1	74	76	3	2e-18	99.0
NC_004412.1@COX2	NODE_10868_length_14948_cov_8770.553034	100.00	691	0	0	1	691	9733	10423	0.0	 1277
NC_004412.1@ATP8	NODE_10868_length_14948_cov_8770.553034	100.00	168	0	0	1	168	10500	10667	2e-83	  311
NC_004412.1@ATP6	NODE_10868_length_14948_cov_8770.553034	99.41	683	4	0	1	683	10658	11340	0.0	 1240
NC_004412.1@COX3	NODE_10868_length_14948_cov_8770.553034	99.49	785	4	0	1	785	11341	12125	0.0	 1428
NC_004412.1@COX3	NODE_9634_length_16536_cov_2.607288	79.08	784	154	8	1	779	6879	6101	9e-149	  531
NC_004412.1@ND3	NODE_10868_length_14948_cov_8770.553034	99.43	349	2	0	1	349	12198	12546	3e-180	  634
NC_004412.1@ND4L	NODE_10868_length_14948_cov_8770.553034	99.66	297	1	0	1	297	12615	12911	4e-153	  544
NC_004412.1@ND4	NODE_10868_length_14948_cov_8770.553034	99.06	1381	13	0	1	1381	12905	14285	0.0	 2479
NC_004412.1@ND4	NODE_399083_length_254_cov_1.664516	98.43	254	4	0	484	737	1	254	2e-123	  448
NC_004412.1@ND5	NODE_59731_length_1891_cov_8249.270647	99.19	1486	12	0	354	1839	1	1486	0.0	 2678
NC_004412.1@ND5	NODE_10868_length_14948_cov_8770.553034	98.89	452	5	0	1	452	14497	14948	0.0	  808
NC_004412.1@ND5	NODE_531606_length_188_cov_17.696629	100.00	99	0	0	354	452	1	99	7e-44	  183
NC_004412.1@ND5	NODE_531606_length_188_cov_17.696629	100.00	99	0	0	382	480	188	90	7e-44	  183
NC_004412.1@ND6	NODE_59731_length_1891_cov_8249.270647	99.27	409	3	0	114	522	1891	1483	0.0	  739
NC_004412.1@ND6	NODE_365586_length_283_cov_0.864130	96.11	283	11	0	107	389	1	283	2e-128	  462
NC_004412.1@ND6	NODE_10868_length_14948_cov_8770.553034	96.70	212	7	0	1	212	212	1	1e-95	  353
NC_004412.1@ND6	NODE_518305_length_193_cov_16.000000	98.99	99	1	0	114	212	1	99	8e-43	  178
NC_004412.1@ND6	NODE_518305_length_193_cov_16.000000	98.99	99	1	0	129	227	193	95	8e-43	  178
NC_004412.1@CYTB	NODE_10868_length_14948_cov_8770.553034	99.65	1141	4	0	1	1141	285	1425	0.0	 2085
